{\begin{tikzpicture}[scale=0.6]
\draw [<->,thick] (0.0,3.0) node (yaxis) [above] {}
	|- (3.0,0.0) node (xaxis) [right] {};
\draw (1.8,0.0) -- (3.0,1.2) ;
\draw [thick,->] (2.1,0.3) -- (1.9100000000000001,0.49);
\draw [thick,->] (2.4,0.6) -- (2.21,0.79);
\draw [thick,->] (2.7,0.8999999999999999) -- (2.5100000000000002,1.0899999999999999);
\node at (3.7,1.5) {\small $A^{+-}$};
\node at (1.8,-0.9) {\small $-\nu+q-1$};
\draw [fill=gray,opacity=0.2,gray] (1.8,0.0) -- (3.0,1.2) -- (3.0,3.0) -- (1.2,3.0) -- (0.0,1.8) -- (0.0,0.0) ;
\draw (0.0,1.8) -- (1.2,3.0) ;
\draw [thick,->] (0.3,2.1) -- (0.49,1.9100000000000001);
\draw [thick,->] (0.6,2.4) -- (0.79,2.21);
\draw [thick,->] (0.8999999999999999,2.7) -- (1.0899999999999999,2.5100000000000002);
\node at (1.6,3.4) {\small $A^{-+}$};
\node at (-1.7,1.9000000000000001) {\small $-\nu+p-2$};
\draw [fill=gray,opacity=0.2,gray] (0.0,1.8) -- (1.2,3.0) -- (0.0,3.0) ;
\end{tikzpicture}}
&{\begin{tikzpicture}[scale=0.6]
\draw [<->,thick] (0.0,3.0) node (yaxis) [above] {}
	|- (3.0,0.0) node (xaxis) [right] {};
\draw (1.8,0.0) -- (3.0,1.2) ;
\draw [thick,->] (2.1,0.3) -- (1.9100000000000001,0.49);
\draw [thick,->] (2.4,0.6) -- (2.21,0.79);
\draw [thick,->] (2.7,0.8999999999999999) -- (2.5100000000000002,1.0899999999999999);
\node at (3.7,1.5) {\small $A^{+-}$};
\node at (1.8,-0.9) {\small $-\nu+q-1$};
\draw [fill=gray,opacity=0.2,gray] (1.8,0.0) -- (3.0,1.2) -- (3.0,3.0) -- (1.2,3.0) -- (0.0,1.8) -- (0.0,0.0) ;
\draw (0.0,1.8) -- (1.2,3.0) ;
\draw [thick,->] (0.3,2.1) -- (0.49,1.9100000000000001);
\draw [thick,->] (0.6,2.4) -- (0.79,2.21);
\draw [thick,->] (0.8999999999999999,2.7) -- (1.0899999999999999,2.5100000000000002);
\node at (1.6,3.4) {\small $A^{-+}$};
\node at (-1.7,1.9000000000000001) {\small $-\nu+p-2$};
\end{tikzpicture}}
&{\begin{tikzpicture}[scale=0.6]
\draw [<->,thick] (0.0,3.0) node (yaxis) [above] {}
	|- (3.0,0.0) node (xaxis) [right] {};
\draw (1.8,0.0) -- (3.0,1.2) ;
\draw [thick,->] (2.1,0.3) -- (1.9100000000000001,0.49);
\draw [thick,->] (2.4,0.6) -- (2.21,0.79);
\draw [thick,->] (2.7,0.8999999999999999) -- (2.5100000000000002,1.0899999999999999);
\node at (3.7,1.5) {\small $A^{+-}$};
\node at (1.8,-0.9) {\small $-\nu+q-1$};
\draw [pattern=north west lines, pattern color=yellow] (1.8,0.0) -- (3.0,1.2) -- (3.0,3.0) -- (0.0,3.0) -- (0.0,0.0) ;
\draw (0.0,1.8) -- (1.2,3.0) ;
\draw [thick,->] (0.3,2.1) -- (0.49,1.9100000000000001);
\draw [thick,->] (0.6,2.4) -- (0.79,2.21);
\draw [thick,->] (0.8999999999999999,2.7) -- (1.0899999999999999,2.5100000000000002);
\node at (1.6,3.4) {\small $A^{-+}$};
\node at (-1.7,1.9000000000000001) {\small $-\nu+p-2$};
\draw [pattern=north east lines, pattern color=green!50!black] (3.0,0.0) -- (3.0,3.0) -- (0.0,3.0) -- (0.0,0.0) ;
\end{tikzpicture}}
