{\begin{tikzpicture}[scale=0.6]
\draw [<->,thick] (0.0,3.0) node (yaxis) [above] {}
	|- (3.0,0.0) node (xaxis) [right] {};
\draw (1.8,0.0) -- (3.0,1.2) ;
\draw [thick,->] (2.1,0.3) -- (2.29,0.10999999999999999);
\draw [thick,->] (2.4,0.6) -- (2.59,0.41);
\draw [thick,->] (2.7,0.8999999999999999) -- (2.89,0.71);
\node at (3.7,1.5) {\small $A^{-+}$};
\node at (2.8,-0.7) {\small $\nu-p+2$};
\draw (0.0,1.8) -- (1.2,3.0) ;
\draw [thick,->] (0.3,2.1) -- (0.10999999999999999,2.29);
\draw [thick,->] (0.6,2.4) -- (0.41,2.59);
\draw [thick,->] (0.8999999999999999,2.7) -- (0.71,2.89);
\node at (1.6,3.4) {\small $A^{+-}$};
\node at (-1.4,2.7) {\small $\nu-q+1$};
\draw [fill=gray,opacity=0.2,gray] (0.0,1.8) -- (1.2,3.0) -- (0.0,3.0) ;
\end{tikzpicture}}
&{\begin{tikzpicture}[scale=0.6]
\draw [<->,thick] (0.0,3.0) node (yaxis) [above] {}
	|- (3.0,0.0) node (xaxis) [right] {};
\draw (1.8,0.0) -- (3.0,1.2) ;
\draw [thick,->] (2.1,0.3) -- (2.29,0.10999999999999999);
\draw [thick,->] (2.4,0.6) -- (2.59,0.41);
\draw [thick,->] (2.7,0.8999999999999999) -- (2.89,0.71);
\node at (3.7,1.5) {\small $A^{-+}$};
\node at (2.8,-0.7) {\small $\nu-p+2$};
\draw [pattern=north east lines, pattern color=green!50!black] (3.0,0.0) -- (3.0,3.0) -- (0.0,3.0) -- (0.0,0.0) ;
\draw (0.0,1.8) -- (1.2,3.0) ;
\draw [thick,->] (0.3,2.1) -- (0.10999999999999999,2.29);
\draw [thick,->] (0.6,2.4) -- (0.41,2.59);
\draw [thick,->] (0.8999999999999999,2.7) -- (0.71,2.89);
\node at (1.6,3.4) {\small $A^{+-}$};
\node at (-1.4,2.7) {\small $\nu-q+1$};
\draw [pattern=north west lines, pattern color=orange] (0.0,1.8) -- (1.2,3.0) -- (0.0,3.0) ;
\end{tikzpicture}}
&{\begin{tikzpicture}[scale=0.6]
\draw [<->,thick] (0.0,3.0) node (yaxis) [above] {}
	|- (3.0,0.0) node (xaxis) [right] {};
\draw (1.8,0.0) -- (3.0,1.2) ;
\draw [thick,->] (2.1,0.3) -- (2.29,0.10999999999999999);
\draw [thick,->] (2.4,0.6) -- (2.59,0.41);
\draw [thick,->] (2.7,0.8999999999999999) -- (2.89,0.71);
\node at (3.7,1.5) {\small $A^{-+}$};
\node at (2.8,-0.7) {\small $\nu-p+2$};
\draw [pattern=north east lines, pattern color=green!50!black] (1.8,0.0) -- (3.0,1.2) -- (3.0,0.0) ;
\draw (0.0,1.8) -- (1.2,3.0) ;
\draw [thick,->] (0.3,2.1) -- (0.10999999999999999,2.29);
\draw [thick,->] (0.6,2.4) -- (0.41,2.59);
\draw [thick,->] (0.8999999999999999,2.7) -- (0.71,2.89);
\node at (1.6,3.4) {\small $A^{+-}$};
\node at (-1.4,2.7) {\small $\nu-q+1$};
\draw [pattern=north west lines, pattern color=orange] (0.0,1.8) -- (1.2,3.0) -- (0.0,3.0) ;
\draw (0.0,1.8) -- (1.2,3.0) ;
\draw [thick,->] (0.3,2.1) -- (0.10999999999999999,2.29);
\draw [thick,->] (0.6,2.4) -- (0.41,2.59);
\draw [thick,->] (0.8999999999999999,2.7) -- (0.71,2.89);
\node at (1.6,3.4) {\small $A^{+-}$};
\node at (-1.4,2.7) {\small $\nu-q+1$};
\draw [pattern=north east lines, pattern color=green!50!black] (0.0,1.8) -- (1.2,3.0) -- (0.0,3.0) ;
\end{tikzpicture}}
