mean: 100.000000 40.000000 
variance: 0.000000 33.466401
